1         2       3      6      7      8      9      10
0,700   0,700   0,700  0,700  0,700  0,700  0,700  0,700
0,700   0,700   0,700  0,700  0,700  0,700  0,700  0,700
0,700   0,700   0,700  0,700  0,700  0,700  0,700  0,700
0,700   0,700   0,700  0,700  0,700  0,700  0,700  0,700
0,700   0,700   0,700  0,700  0,700  0,700  0,700  0,700
0,700   0,700   0,700  0,700  0,700  0,700  0,700  0,700
0,700   0,700   0,700  0,700  0,700  0,700  0,700  0,700
0,700   0,700   0,700  0,700  0,700  0,700  0,700  0,700
0,700   0,700   0,700  0,700  0,700  0,700  0,700  0,700
