1         2       3      6      7      8      9      10
0,300   0,300   0,300  0,300  0,300  0,300  0,300  0,300
0,300   0,300   0,300  0,300  0,300  0,300  0,300  0,300
0,300   0,300   0,300  0,300  0,300  0,300  0,300  0,300
0,300   0,300   0,300  0,300  0,300  0,300  0,300  0,300
0,300   0,300   0,300  0,300  0,300  0,300  0,300  0,300
0,300   0,300   0,300  0,300  0,300  0,300  0,300  0,300
0,300   0,300   0,300  0,300  0,300  0,300  0,300  0,300
0,300   0,300   0,300  0,300  0,300  0,300  0,300  0,300
0,300   0,300   0,300  0,300  0,300  0,300  0,300  0,300
