1         2       3      6      7      8      9      10
1,000   1,000   1,000  1,000  1,000  1,000  1,000  1,000
1,000   1,000   1,000  1,000  1,000  1,000  1,000  1,000
1,000   1,000   1,000  1,000  1,000  1,000  1,000  1,000
1,000   1,000   1,000  1,000  1,000  1,000  1,000  1,000
1,000   1,000   1,000  1,000  1,000  1,000  1,000  1,000
1,000   1,000   1,000  1,000  1,000  1,000  1,000  1,000
1,000   1,000   1,000  1,000  1,000  1,000  1,000  1,000
1,000   1,000   1,000  1,000  1,000  1,000  1,000  1,000
1,000   1,000   1,000  1,000  1,000  1,000  1,000  1,000
